0
0,0,0,0,0,0,0,0,0,0,0,0,0,0,0,0,0,0,0,0,0,0,0,0
0,0,0,0
0,45,13,63,127,63
0,77,3
0,0,0,0,3,1
0,0
127,0,0,0,83,2,120,0
0,0,0,0,0,0
0,0,0,0,0
0,0,0,0,0,0,0,0
0,0,0,0,0,0,0,0
0,0,127,0,0,0,127,0,0,0,127,0
2
127,0,103,0,49,0,10,0,0,0,0,0,0,0,0,0,0,0,0,0,0,0,0,0
127,62,127,0
1,111,13,63,127,63
1,38,1
1,2,0,0,3,1
113,0
127,0,90,61,87,126,120,0
0,0,1,0,2,2
0,0,0,0,0
21,44,86,27,0,0,0,0
0,0,0,0,0,0,0,0
0,0,127,14,0,0,127,0,0,0,127,0
0
127,0,87,0,43,0,11,0,0,0,0,0,0,0,0,0,0,0,127,0,73,0,127,0
0,0,0,0
1,45,13,63,127,63
1,100,3
0,0,0,0,3,1
0,0
122,0,0,0,52,2,120,0
0,0,0,0,0,1
0,0,0,0,0
100,19,0,0,0,0,0,0
0,0,0,0,0,0,0,0
0,0,127,6,0,0,127,0,0,0,127,0
2
0,0,0,0,0,0,0,0,0,0,0,0,0,0,0,0,0,0,0,0,0,0,0,0
0,63,117,0
1,82,13,63,127,63
1,112,1
1,0,0,1,3,1
0,0
127,0,103,48,127,124,120,0
0,0,2,0,1,1
0,0,0,0,0
94,33,19,37,0,0,0,0
0,0,0,0,0,0,0,0
0,0,127,9,0,0,127,0,0,0,127,0
2
105,0,0,0,27,0,0,0,27,0,0,0,8,0,0,0,0,0,0,0,0,0,0,0
55,54,0,73
1,45,13,63,127,63
0,77,3
0,0,0,0,3,1
0,0
127,0,117,20,127,127,120,0
0,0,0,0,0,1
0,0,0,0,0
89,14,0,0,0,0,0,0
0,0,0,0,0,0,0,0
7,0,127,10,0,0,127,0,0,0,127,0
2
33,75,0,19,0,0,0,0,0,0,0,0,0,0,0,0,0,0,0,0,0,0,0,0
79,44,86,34
1,22,29,63,127,38
0,96,3
0,0,0,0,3,1
3,0
95,0,0,0,120,121,120,0
0,0,0,0,1,0
2,0,0,0,0
33,0,62,60,0,0,0,0
0,0,0,0,0,0,0,0
0,39,0,24,0,12,10,6,0,0,127,0
0
0,0,0,0,0,0,0,0,0,0,0,0,0,0,0,0,0,0,0,0,0,0,0,0
0,0,0,0
0,45,13,63,127,63
0,77,3
0,0,0,0,3,1
0,0
127,0,0,0,83,2,120,0
0,0,0,0,0,0
0,0,0,0,0
0,0,0,0,0,0,0,0
0,0,0,0,0,0,0,0
0,0,127,0,0,0,127,0,0,0,127,0
0
0,0,0,0,0,0,0,0,0,0,0,0,0,0,0,0,0,0,0,0,0,0,0,0
0,0,0,0
0,45,13,63,127,63
0,77,3
0,0,0,0,3,1
0,0
127,0,0,0,83,2,120,0
0,0,0,0,0,0
0,0,0,0,0
0,0,0,0,0,0,0,0
0,0,0,0,0,0,0,0
0,0,127,0,0,0,127,0,0,0,127,0
0
0,0,0,0,0,0,0,0,0,0,0,0,0,0,0,0,0,0,0,0,0,0,0,0
0,0,0,0
0,45,13,63,127,63
0,77,3
0,0,0,0,3,1
0,0
127,0,0,0,83,2,120,0
0,0,0,0,0,0
0,0,0,0,0
0,0,0,0,0,0,0,0
0,0,0,0,0,0,0,0
0,0,127,0,0,0,127,0,0,0,127,0
0
0,0,0,0,0,0,0,0,0,0,0,0,0,0,0,0,0,0,0,0,0,0,0,0
0,0,0,0
0,45,13,63,127,63
0,77,3
0,0,0,0,3,1
0,0
127,0,0,0,83,2,120,0
0,0,0,0,0,0
0,0,0,0,0
0,0,0,0,0,0,0,0
0,0,0,0,0,0,0,0
0,0,127,0,0,0,127,0,0,0,127,0
0
0,0,0,0,0,0,0,0,0,0,0,0,0,0,0,0,0,0,0,0,0,0,0,0
0,0,0,0
0,45,13,63,127,63
0,77,3
0,0,0,0,3,1
0,0
127,0,0,0,83,2,120,0
0,0,0,0,0,0
0,0,0,0,0
0,0,0,0,0,0,0,0
0,0,0,0,0,0,0,0
0,0,127,0,0,0,127,0,0,0,127,0
0
127,0,27,0,68,0,10,0,32,0,3,0,14,0,0,0,0,0,25,0,33,0,41,0
0,0,0,0
1,45,13,25,127,54
0,77,3
0,0,0,0,3,1
0,0
127,0,0,0,83,2,120,0
0,0,0,0,0,0
0,0,0,0,0
0,0,0,0,0,0,0,0
0,0,0,0,0,0,0,0
2,0,127,8,0,0,127,0,0,0,127,0
2
0,0,0,0,0,0,0,0,0,0,0,0,0,0,0,0,0,0,0,0,0,0,0,0
76,62,127,0
1,45,13,63,127,63
0,77,3
0,0,0,0,3,1
0,0
105,0,0,0,83,127,120,0
0,0,0,0,1,1
0,0,0,0,0
92,22,0,0,0,0,0,0
0,0,0,0,0,0,0,0
0,0,127,9,0,0,127,0,0,0,127,0
0
127,0,87,0,43,0,11,0,0,0,0,0,0,0,0,0,0,0,127,0,73,0,127,0
0,0,0,0
1,45,13,63,127,63
1,100,3
0,0,0,0,3,1
0,0
122,0,0,0,52,2,120,0
0,0,0,0,0,1
0,0,0,0,0
100,19,0,0,0,0,0,0
0,0,0,0,0,0,0,0
0,0,127,6,0,0,127,0,0,0,127,0
2
127,0,87,0,43,0,11,0,0,0,0,0,0,0,0,0,0,0,127,0,73,0,127,0
127,69,111,41
1,45,13,63,127,63
0,100,3
0,0,0,0,3,1
0,0
127,0,0,0,52,127,120,0
0,0,0,0,2,1
0,0,0,0,0
54,10,76,11,0,0,0,0
0,0,0,0,0,0,0,0
0,0,127,8,0,0,127,0,0,0,127,0
0
0,0,0,0,0,0,0,0,0,0,0,0,0,0,0,0,0,0,0,0,0,0,0,0
0,0,0,0
0,45,13,63,127,63
0,77,3
0,0,0,0,3,1
0,0
127,0,0,0,83,2,120,0
0,0,0,0,0,0
0,0,0,0,0
0,0,0,0,0,0,0,0
0,0,0,0,0,0,0,0
0,0,127,0,0,0,127,0,0,0,127,0
0
0,0,0,0,0,0,0,0,0,0,0,0,0,0,0,0,0,0,0,0,0,0,0,0
0,0,0,0
0,45,13,63,127,63
0,77,3
0,0,0,0,3,1
0,0
127,0,0,0,83,2,120,0
0,0,0,0,0,0
0,0,0,0,0
0,0,0,0,0,0,0,0
0,0,0,0,0,0,0,0
0,0,127,0,0,0,127,0,0,0,127,0
0
0,0,0,0,0,0,0,0,0,0,0,0,0,0,0,0,0,0,0,0,0,0,0,0
0,0,0,0
0,45,13,63,127,63
0,77,3
0,0,0,0,3,1
0,0
127,0,0,0,83,2,120,0
0,0,0,0,0,0
0,0,0,0,0
0,0,0,0,0,0,0,0
0,0,0,0,0,0,0,0
0,0,127,0,0,0,127,0,0,0,127,0
0
0,0,0,0,0,0,0,0,0,0,0,0,0,0,0,0,0,0,0,0,0,0,0,0
0,0,0,0
0,45,13,63,127,63
0,77,3
0,0,0,0,3,1
0,0
127,0,0,0,83,2,120,0
0,0,0,0,0,0
0,0,0,0,0
0,0,0,0,0,0,0,0
0,0,0,0,0,0,0,0
0,0,127,0,0,0,127,0,0,0,127,0
0
0,0,0,0,0,0,0,0,0,0,0,0,0,0,0,0,0,0,0,0,0,0,0,0
0,0,0,0
0,45,13,63,127,63
0,77,3
0,0,0,0,3,1
0,0
127,0,0,0,83,2,120,0
0,0,0,0,0,0
0,0,0,0,0
0,0,0,0,0,0,0,0
0,0,0,0,0,0,0,0
0,0,127,0,0,0,127,0,0,0,127,0
0
0,0,0,0,0,0,0,0,0,0,0,0,0,0,0,0,0,0,0,0,0,0,0,0
0,0,0,0
0,45,13,63,127,63
0,77,3
0,0,0,0,3,1
0,0
127,0,0,0,83,2,120,0
0,0,0,0,0,0
0,0,0,0,0
0,0,0,0,0,0,0,0
0,0,0,0,0,0,0,0
0,0,127,0,0,0,127,0,0,0,127,0
2
113,0,0,0,0,0,0,0,0,0,0,0,0,0,0,0,0,0,0,0,0,0,0,0
79,82,78,0
1,87,13,80,127,63
0,77,3
1,0,0,0,1,1
48,0
127,0,85,14,83,75,150,0
0,0,0,0,1,0
0,0,0,0,0
97,38,0,0,0,0,0,0
0,0,0,0,0,0,0,0
0,0,127,3,0,0,127,0,0,0,127,0
2
0,0,0,0,0,0,0,0,0,0,0,0,0,0,0,0,0,0,0,0,0,0,0,0
100,59,0,0
1,45,13,63,127,63
0,77,3
0,0,0,0,3,1
0,0
127,0,0,0,71,124,120,0
0,0,0,0,1,0
0,0,0,0,0
110,33,0,0,0,0,0,0
0,0,0,0,0,0,0,0
2,0,127,13,0,0,127,0,0,0,127,0
0
0,0,0,0,0,0,0,0,0,0,0,0,0,0,0,0,0,0,0,0,0,0,0,0
0,0,0,0
0,45,13,63,127,63
0,77,3
0,0,0,0,3,1
0,0
127,0,0,0,83,2,120,0
0,0,0,0,0,0
0,0,0,0,0
0,0,0,0,0,0,0,0
0,0,0,0,0,0,0,0
0,0,127,0,0,0,127,0,0,0,127,0
0
0,0,0,0,0,0,0,0,0,0,0,0,0,0,0,0,0,0,0,0,0,0,0,0
0,0,0,0
0,45,13,63,127,63
0,77,3
0,0,0,0,3,1
0,0
127,0,0,0,83,2,120,0
0,0,0,0,0,0
0,0,0,0,0
0,0,0,0,0,0,0,0
0,0,0,0,0,0,0,0
0,0,127,0,0,0,127,0,0,0,127,0
0
0,0,0,0,0,0,0,0,0,0,0,0,0,0,0,0,0,0,0,0,0,0,0,0
0,0,0,0
0,45,13,63,127,63
0,77,3
0,0,0,0,3,1
0,0
127,0,0,0,83,2,120,0
0,0,0,0,0,0
0,0,0,0,0
0,0,0,0,0,0,0,0
0,0,0,0,0,0,0,0
0,0,127,0,0,0,127,0,0,0,127,0
0
0,0,0,0,0,0,0,0,0,0,0,0,0,0,0,0,0,0,0,0,0,0,0,0
0,0,0,0
0,45,13,63,127,63
0,77,3
0,0,0,0,3,1
0,0
127,0,0,0,83,2,120,0
0,0,0,0,0,0
0,0,0,0,0
0,0,0,0,0,0,0,0
0,0,0,0,0,0,0,0
0,0,127,0,0,0,127,0,0,0,127,0
0
0,0,0,0,0,0,0,0,0,0,0,0,0,0,0,0,0,0,0,0,0,0,0,0
0,0,0,0
0,45,13,63,127,63
0,77,3
0,0,0,0,3,1
0,0
127,0,0,0,83,2,120,0
0,0,0,0,0,0
0,0,0,0,0
0,0,0,0,0,0,0,0
0,0,0,0,0,0,0,0
0,0,127,0,0,0,127,0,0,0,127,0
0
0,0,0,0,0,0,0,0,0,0,0,0,0,0,0,0,0,0,0,0,0,0,0,0
0,0,0,0
0,45,13,63,127,63
0,77,3
0,0,0,0,3,1
0,0
127,0,0,0,83,2,120,0
0,0,0,0,0,0
0,0,0,0,0
0,0,0,0,0,0,0,0
0,0,0,0,0,0,0,0
0,0,127,0,0,0,127,0,0,0,127,0
0
0,0,0,0,0,0,0,0,0,0,0,0,0,0,0,0,0,0,0,0,0,0,0,0
0,0,0,0
0,45,13,63,127,63
0,77,3
0,0,0,0,3,1
0,0
127,0,0,0,83,2,120,0
0,0,0,0,0,0
0,0,0,0,0
0,0,0,0,0,0,0,0
0,0,0,0,0,0,0,0
0,0,127,0,0,0,127,0,0,0,127,0
0
0,0,0,0,0,0,0,0,0,0,0,0,0,0,0,0,0,0,0,0,0,0,0,0
0,0,0,0
0,45,13,63,127,63
0,77,3
0,0,0,0,3,1
0,0
127,0,0,0,83,2,120,0
0,0,0,0,0,0
0,0,0,0,0
0,0,0,0,0,0,0,0
0,0,0,0,0,0,0,0
0,0,127,0,0,0,127,0,0,0,127,0
0
0,0,0,0,0,0,0,0,0,0,0,0,0,0,0,0,0,0,0,0,0,0,0,0
0,0,0,0
0,45,13,63,127,63
0,77,3
0,0,0,0,3,1
0,0
127,0,0,0,83,2,120,0
0,0,0,0,0,0
0,0,0,0,0
0,0,0,0,0,0,0,0
0,0,0,0,0,0,0,0
0,0,127,0,0,0,127,0,0,0,127,0
0
0,0,0,0,0,0,0,0,0,0,0,0,0,0,0,0,0,0,0,0,0,0,0,0
0,0,0,0
0,45,13,63,127,63
0,77,3
0,0,0,0,3,1
0,0
127,0,0,0,83,2,120,0
0,0,0,0,0,0
0,0,0,0,0
0,0,0,0,0,0,0,0
0,0,0,0,0,0,0,0
0,0,127,0,0,0,127,0,0,0,127,0
0
0,0,0,0,0,0,0,0,0,0,0,0,0,0,0,0,0,0,0,0,0,0,0,0
0,0,0,0
0,45,13,63,127,63
0,77,3
0,0,0,0,3,1
0,0
127,0,0,0,83,2,120,0
0,0,0,0,0,0
0,0,0,0,0
0,0,0,0,0,0,0,0
0,0,0,0,0,0,0,0
0,0,127,0,0,0,127,0,0,0,127,0
0
0,0,0,0,0,0,0,0,0,0,0,0,0,0,0,0,0,0,0,0,0,0,0,0
0,0,0,0
0,45,13,63,127,63
0,77,3
0,0,0,0,3,1
0,0
127,0,0,0,83,2,120,0
0,0,0,0,0,0
0,0,0,0,0
0,0,0,0,0,0,0,0
0,0,0,0,0,0,0,0
0,0,127,0,0,0,127,0,0,0,127,0
0
0,0,0,0,0,0,0,0,0,0,0,0,0,0,0,0,0,0,0,0,0,0,0,0
0,0,0,0
0,45,13,63,127,63
0,77,3
0,0,0,0,3,1
0,0
127,0,0,0,83,2,120,0
0,0,0,0,0,0
0,0,0,0,0
0,0,0,0,0,0,0,0
0,0,0,0,0,0,0,0
0,0,127,0,0,0,127,0,0,0,127,0
0
0,0,0,0,0,0,0,0,0,0,0,0,0,0,0,0,0,0,0,0,0,0,0,0
0,0,0,0
0,45,13,63,127,63
0,77,3
0,0,0,0,3,1
0,0
127,0,0,0,83,2,120,0
0,0,0,0,0,0
0,0,0,0,0
0,0,0,0,0,0,0,0
0,0,0,0,0,0,0,0
0,0,127,0,0,0,127,0,0,0,127,0
0
0,0,0,0,0,0,0,0,0,0,0,0,0,0,0,0,0,0,0,0,0,0,0,0
0,0,0,0
0,45,13,63,127,63
0,77,3
0,0,0,0,3,1
0,0
127,0,0,0,83,2,120,0
0,0,0,0,0,0
0,0,0,0,0
0,0,0,0,0,0,0,0
0,0,0,0,0,0,0,0
0,0,127,0,0,0,127,0,0,0,127,0
0
0,0,0,0,0,0,0,0,0,0,0,0,0,0,0,0,0,0,0,0,0,0,0,0
0,0,0,0
0,45,13,63,127,63
0,77,3
0,0,0,0,3,1
0,0
127,0,0,0,83,2,120,0
0,0,0,0,0,0
0,0,0,0,0
0,0,0,0,0,0,0,0
0,0,0,0,0,0,0,0
0,0,127,0,0,0,127,0,0,0,127,0
0
0,0,0,0,0,0,0,0,0,0,0,0,0,0,0,0,0,0,0,0,0,0,0,0
0,0,0,0
0,45,13,63,127,63
0,77,3
0,0,0,0,3,1
0,0
127,0,0,0,83,2,120,0
0,0,0,0,0,0
0,0,0,0,0
0,0,0,0,0,0,0,0
0,0,0,0,0,0,0,0
0,0,127,0,0,0,127,0,0,0,127,0
0
0,0,0,0,0,0,0,0,0,0,0,0,0,0,0,0,0,0,0,0,0,0,0,0
0,0,0,0
0,45,13,63,127,63
0,77,3
0,0,0,0,3,1
0,0
127,0,0,0,83,2,120,0
0,0,0,0,0,0
0,0,0,0,0
0,0,0,0,0,0,0,0
0,0,0,0,0,0,0,0
0,0,127,0,0,0,127,0,0,0,127,0
0
0,0,0,0,0,0,0,0,0,0,0,0,0,0,0,0,0,0,0,0,0,0,0,0
0,0,0,0
0,45,13,63,127,63
0,77,3
0,0,0,0,3,1
0,0
127,0,0,0,83,2,120,0
0,0,0,0,0,0
0,0,0,0,0
0,0,0,0,0,0,0,0
0,0,0,0,0,0,0,0
0,0,127,0,0,0,127,0,0,0,127,0
0
0,0,0,0,0,0,0,0,0,0,0,0,0,0,0,0,0,0,0,0,0,0,0,0
0,0,0,0
0,45,13,63,127,63
0,77,3
0,0,0,0,3,1
0,0
127,0,0,0,83,2,120,0
0,0,0,0,0,0
0,0,0,0,0
0,0,0,0,0,0,0,0
0,0,0,0,0,0,0,0
0,0,127,0,0,0,127,0,0,0,127,0
0
0,0,0,0,0,0,0,0,0,0,0,0,0,0,0,0,0,0,0,0,0,0,0,0
0,0,0,0
0,45,13,63,127,63
0,77,3
0,0,0,0,3,1
0,0
127,0,0,0,83,2,120,0
0,0,0,0,0,0
0,0,0,0,0
0,0,0,0,0,0,0,0
0,0,0,0,0,0,0,0
0,0,127,0,0,0,127,0,0,0,127,0
0
0,0,0,0,0,0,0,0,0,0,0,0,0,0,0,0,0,0,0,0,0,0,0,0
0,0,0,0
0,45,13,63,127,63
0,77,3
0,0,0,0,3,1
0,0
127,0,0,0,83,2,120,0
0,0,0,0,0,0
0,0,0,0,0
0,0,0,0,0,0,0,0
0,0,0,0,0,0,0,0
0,0,127,0,0,0,127,0,0,0,127,0
0
0,0,0,0,0,0,0,0,0,0,0,0,0,0,0,0,0,0,0,0,0,0,0,0
0,0,0,0
0,45,13,63,127,63
0,77,3
0,0,0,0,3,1
0,0
127,0,0,0,83,2,120,0
0,0,0,0,0,0
0,0,0,0,0
0,0,0,0,0,0,0,0
0,0,0,0,0,0,0,0
0,0,127,0,0,0,127,0,0,0,127,0
0
0,0,0,0,0,0,0,0,0,0,0,0,0,0,0,0,0,0,0,0,0,0,0,0
0,0,0,0
0,45,13,63,127,63
0,77,3
0,0,0,0,3,1
0,0
127,0,0,0,83,2,120,0
0,0,0,0,0,0
0,0,0,0,0
0,0,0,0,0,0,0,0
0,0,0,0,0,0,0,0
0,0,127,0,0,0,127,0,0,0,127,0
0
0,0,0,0,0,0,0,0,0,0,0,0,0,0,0,0,0,0,0,0,0,0,0,0
0,0,0,0
0,45,13,63,127,63
0,77,3
0,0,0,0,3,1
0,0
127,0,0,0,83,2,120,0
0,0,0,0,0,0
0,0,0,0,0
0,0,0,0,0,0,0,0
0,0,0,0,0,0,0,0
0,0,127,0,0,0,127,0,0,0,127,0
0
0,0,0,0,0,0,0,0,0,0,0,0,0,0,0,0,0,0,0,0,0,0,0,0
0,0,0,0
0,45,13,63,127,63
0,77,3
0,0,0,0,3,1
0,0
127,0,0,0,83,2,120,0
0,0,0,0,0,0
0,0,0,0,0
0,0,0,0,0,0,0,0
0,0,0,0,0,0,0,0
0,0,127,0,0,0,127,0,0,0,127,0
0
0,0,0,0,0,0,0,0,0,0,0,0,0,0,0,0,0,0,0,0,0,0,0,0
0,0,0,0
0,45,13,63,127,63
0,77,3
0,0,0,0,3,1
0,0
127,0,0,0,83,2,120,0
0,0,0,0,0,0
0,0,0,0,0
0,0,0,0,0,0,0,0
0,0,0,0,0,0,0,0
0,0,127,0,0,0,127,0,0,0,127,0
0
0,0,0,0,0,0,0,0,0,0,0,0,0,0,0,0,0,0,0,0,0,0,0,0
0,0,0,0
0,45,13,63,127,63
0,77,3
0,0,0,0,3,1
0,0
127,0,0,0,83,2,120,0
0,0,0,0,0,0
0,0,0,0,0
0,0,0,0,0,0,0,0
0,0,0,0,0,0,0,0
0,0,127,0,0,0,127,0,0,0,127,0
0
0,0,0,0,0,0,0,0,0,0,0,0,0,0,0,0,0,0,0,0,0,0,0,0
0,0,0,0
0,45,13,63,127,63
0,77,3
0,0,0,0,3,1
0,0
127,0,0,0,83,2,120,0
0,0,0,0,0,0
0,0,0,0,0
0,0,0,0,0,0,0,0
0,0,0,0,0,0,0,0
0,0,127,0,0,0,127,0,0,0,127,0
0
0,0,0,0,0,0,0,0,0,0,0,0,0,0,0,0,0,0,0,0,0,0,0,0
0,0,0,0
0,45,13,63,127,63
0,77,3
0,0,0,0,3,1
0,0
127,0,0,0,83,2,120,0
0,0,0,0,0,0
0,0,0,0,0
0,0,0,0,0,0,0,0
0,0,0,0,0,0,0,0
0,0,127,0,0,0,127,0,0,0,127,0
0
0,0,0,0,0,0,0,0,0,0,0,0,0,0,0,0,0,0,0,0,0,0,0,0
0,0,0,0
0,45,13,63,127,63
0,77,3
0,0,0,0,3,1
0,0
127,0,0,0,83,2,120,0
0,0,0,0,0,0
0,0,0,0,0
0,0,0,0,0,0,0,0
0,0,0,0,0,0,0,0
0,0,127,0,0,0,127,0,0,0,127,0
0
0,0,0,0,0,0,0,0,0,0,0,0,0,0,0,0,0,0,0,0,0,0,0,0
0,0,0,0
0,45,13,63,127,63
0,77,3
0,0,0,0,3,1
0,0
127,0,0,0,83,2,120,0
0,0,0,0,0,0
0,0,0,0,0
0,0,0,0,0,0,0,0
0,0,0,0,0,0,0,0
0,0,127,0,0,0,127,0,0,0,127,0
0
0,0,0,0,0,0,0,0,0,0,0,0,0,0,0,0,0,0,0,0,0,0,0,0
0,0,0,0
0,45,13,63,127,63
0,77,3
0,0,0,0,3,1
0,0
127,0,0,0,83,2,120,0
0,0,0,0,0,0
0,0,0,0,0
0,0,0,0,0,0,0,0
0,0,0,0,0,0,0,0
0,0,127,0,0,0,127,0,0,0,127,0
0
0,0,0,0,0,0,0,0,0,0,0,0,0,0,0,0,0,0,0,0,0,0,0,0
0,0,0,0
0,45,13,63,127,63
0,77,3
0,0,0,0,3,1
0,0
127,0,0,0,83,2,120,0
0,0,0,0,0,0
0,0,0,0,0
0,0,0,0,0,0,0,0
0,0,0,0,0,0,0,0
0,0,127,0,0,0,127,0,0,0,127,0
0
0,0,0,0,0,0,0,0,0,0,0,0,0,0,0,0,0,0,0,0,0,0,0,0
0,0,0,0
0,45,13,63,127,63
0,77,3
0,0,0,0,3,1
0,0
127,0,0,0,83,2,120,0
0,0,0,0,0,0
0,0,0,0,0
0,0,0,0,0,0,0,0
0,0,0,0,0,0,0,0
0,0,127,0,0,0,127,0,0,0,127,0
0
0,0,0,0,0,0,0,0,0,0,0,0,0,0,0,0,0,0,0,0,0,0,0,0
0,0,0,0
0,45,13,63,127,63
0,77,3
0,0,0,0,3,1
0,0
127,0,0,0,83,2,120,0
0,0,0,0,0,0
0,0,0,0,0
0,0,0,0,0,0,0,0
0,0,0,0,0,0,0,0
0,0,127,0,0,0,127,0,0,0,127,0
0
0,0,0,0,0,0,0,0,0,0,0,0,0,0,0,0,0,0,0,0,0,0,0,0
0,0,0,0
0,45,13,63,127,63
0,77,3
0,0,0,0,3,1
0,0
127,0,0,0,83,2,120,0
0,0,0,0,0,0
0,0,0,0,0
0,0,0,0,0,0,0,0
0,0,0,0,0,0,0,0
0,0,127,0,0,0,127,0,0,0,127,0
0
0,0,0,0,0,0,0,0,0,0,0,0,0,0,0,0,0,0,0,0,0,0,0,0
0,0,0,0
0,45,13,63,127,63
0,77,3
0,0,0,0,3,1
0,0
127,0,0,0,83,2,120,0
0,0,0,0,0,0
0,0,0,0,0
0,0,0,0,0,0,0,0
0,0,0,0,0,0,0,0
0,0,127,0,0,0,127,0,0,0,127,0
0
0,0,0,0,0,0,0,0,0,0,0,0,0,0,0,0,0,0,0,0,0,0,0,0
0,0,0,0
0,45,13,63,127,63
0,77,3
0,0,0,0,3,1
0,0
127,0,0,0,83,2,120,0
0,0,0,0,0,0
0,0,0,0,0
0,0,0,0,0,0,0,0
0,0,0,0,0,0,0,0
0,0,127,0,0,0,127,0,0,0,127,0
0
0,0,0,0,0,0,0,0,0,0,0,0,0,0,0,0,0,0,0,0,0,0,0,0
0,0,0,0
0,45,13,63,127,63
0,77,3
0,0,0,0,3,1
0,0
127,0,0,0,83,2,120,0
0,0,0,0,0,0
0,0,0,0,0
0,0,0,0,0,0,0,0
0,0,0,0,0,0,0,0
0,0,127,0,0,0,127,0,0,0,127,0
0
0,0,0,0,0,0,0,0,0,0,0,0,0,0,0,0,0,0,0,0,0,0,0,0
0,0,0,0
0,45,13,63,127,63
0,77,3
0,0,0,0,3,1
0,0
127,0,0,0,83,2,120,0
0,0,0,0,0,0
0,0,0,0,0
0,0,0,0,0,0,0,0
0,0,0,0,0,0,0,0
0,0,127,0,0,0,127,0,0,0,127,0
0
0,0,0,0,0,0,0,0,0,0,0,0,0,0,0,0,0,0,0,0,0,0,0,0
0,0,0,0
0,45,13,63,127,63
0,77,3
0,0,0,0,3,1
0,0
127,0,0,0,83,2,120,0
0,0,0,0,0,0
0,0,0,0,0
0,0,0,0,0,0,0,0
0,0,0,0,0,0,0,0
0,0,127,0,0,0,127,0,0,0,127,0
0
0,0,0,0,0,0,0,0,0,0,0,0,0,0,0,0,0,0,0,0,0,0,0,0
0,0,0,0
0,45,13,63,127,63
0,77,3
0,0,0,0,3,1
0,0
127,0,0,0,83,2,120,0
0,0,0,0,0,0
0,0,0,0,0
0,0,0,0,0,0,0,0
0,0,0,0,0,0,0,0
0,0,127,0,0,0,127,0,0,0,127,0
0
0,0,0,0,0,0,0,0,0,0,0,0,0,0,0,0,0,0,0,0,0,0,0,0
0,0,0,0
0,45,13,63,127,63
0,77,3
0,0,0,0,3,1
0,0
127,0,0,0,83,2,120,0
0,0,0,0,0,0
0,0,0,0,0
0,0,0,0,0,0,0,0
0,0,0,0,0,0,0,0
0,0,127,0,0,0,127,0,0,0,127,0
0
0,0,0,0,0,0,0,0,0,0,0,0,0,0,0,0,0,0,0,0,0,0,0,0
0,0,0,0
0,45,13,63,127,63
0,77,3
0,0,0,0,3,1
0,0
127,0,0,0,83,2,120,0
0,0,0,0,0,0
0,0,0,0,0
0,0,0,0,0,0,0,0
0,0,0,0,0,0,0,0
0,0,127,0,0,0,127,0,0,0,127,0
0
0,0,0,0,0,0,0,0,0,0,0,0,0,0,0,0,0,0,0,0,0,0,0,0
0,0,0,0
0,45,13,63,127,63
0,77,3
0,0,0,0,3,1
0,0
127,0,0,0,83,2,120,0
0,0,0,0,0,0
0,0,0,0,0
0,0,0,0,0,0,0,0
0,0,0,0,0,0,0,0
0,0,127,0,0,0,127,0,0,0,127,0
0
0,0,0,0,0,0,0,0,0,0,0,0,0,0,0,0,0,0,0,0,0,0,0,0
0,0,0,0
0,45,13,63,127,63
0,77,3
0,0,0,0,3,1
0,0
127,0,0,0,83,2,120,0
0,0,0,0,0,0
0,0,0,0,0
0,0,0,0,0,0,0,0
0,0,0,0,0,0,0,0
0,0,127,0,0,0,127,0,0,0,127,0
0
0,0,0,0,0,0,0,0,0,0,0,0,0,0,0,0,0,0,0,0,0,0,0,0
0,0,0,0
0,45,13,63,127,63
0,77,3
0,0,0,0,3,1
0,0
127,0,0,0,83,2,120,0
0,0,0,0,0,0
0,0,0,0,0
0,0,0,0,0,0,0,0
0,0,0,0,0,0,0,0
0,0,127,0,0,0,127,0,0,0,127,0
0
0,0,0,0,0,0,0,0,0,0,0,0,0,0,0,0,0,0,0,0,0,0,0,0
0,0,0,0
0,45,13,63,127,63
0,77,3
0,0,0,0,3,1
0,0
127,0,0,0,83,2,120,0
0,0,0,0,0,0
0,0,0,0,0
0,0,0,0,0,0,0,0
0,0,0,0,0,0,0,0
0,0,127,0,0,0,127,0,0,0,127,0
0
0,0,0,0,0,0,0,0,0,0,0,0,0,0,0,0,0,0,0,0,0,0,0,0
0,0,0,0
0,45,13,63,127,63
0,77,3
0,0,0,0,3,1
0,0
127,0,0,0,83,2,120,0
0,0,0,0,0,0
0,0,0,0,0
0,0,0,0,0,0,0,0
0,0,0,0,0,0,0,0
0,0,127,0,0,0,127,0,0,0,127,0
0
0,0,0,0,0,0,0,0,0,0,0,0,0,0,0,0,0,0,0,0,0,0,0,0
0,0,0,0
0,45,13,63,127,63
0,77,3
0,0,0,0,3,1
0,0
127,0,0,0,83,2,120,0
0,0,0,0,0,0
0,0,0,0,0
0,0,0,0,0,0,0,0
0,0,0,0,0,0,0,0
0,0,127,0,0,0,127,0,0,0,127,0
0
0,0,0,0,0,0,0,0,0,0,0,0,0,0,0,0,0,0,0,0,0,0,0,0
0,0,0,0
0,45,13,63,127,63
0,77,3
0,0,0,0,3,1
0,0
127,0,0,0,83,2,120,0
0,0,0,0,0,0
0,0,0,0,0
0,0,0,0,0,0,0,0
0,0,0,0,0,0,0,0
0,0,127,0,0,0,127,0,0,0,127,0
0
0,0,0,0,0,0,0,0,0,0,0,0,0,0,0,0,0,0,0,0,0,0,0,0
0,0,0,0
0,45,13,63,127,63
0,77,3
0,0,0,0,3,1
0,0
127,0,0,0,83,2,120,0
0,0,0,0,0,0
0,0,0,0,0
0,0,0,0,0,0,0,0
0,0,0,0,0,0,0,0
0,0,127,0,0,0,127,0,0,0,127,0
0
0,0,0,0,0,0,0,0,0,0,0,0,0,0,0,0,0,0,0,0,0,0,0,0
0,0,0,0
0,45,13,63,127,63
0,77,3
0,0,0,0,3,1
0,0
127,0,0,0,83,2,120,0
0,0,0,0,0,0
0,0,0,0,0
0,0,0,0,0,0,0,0
0,0,0,0,0,0,0,0
0,0,127,0,0,0,127,0,0,0,127,0
0
0,0,0,0,0,0,0,0,0,0,0,0,0,0,0,0,0,0,0,0,0,0,0,0
0,0,0,0
0,45,13,63,127,63
0,77,3
0,0,0,0,3,1
0,0
127,0,0,0,83,2,120,0
0,0,0,0,0,0
0,0,0,0,0
0,0,0,0,0,0,0,0
0,0,0,0,0,0,0,0
0,0,127,0,0,0,127,0,0,0,127,0
0
0,0,0,0,0,0,0,0,0,0,0,0,0,0,0,0,0,0,0,0,0,0,0,0
0,0,0,0
0,45,13,63,127,63
0,77,3
0,0,0,0,3,1
0,0
127,0,0,0,83,2,120,0
0,0,0,0,0,0
0,0,0,0,0
0,0,0,0,0,0,0,0
0,0,0,0,0,0,0,0
0,0,127,0,0,0,127,0,0,0,127,0
0
0,0,0,0,0,0,0,0,0,0,0,0,0,0,0,0,0,0,0,0,0,0,0,0
0,0,0,0
0,45,13,63,127,63
0,77,3
0,0,0,0,3,1
0,0
127,0,0,0,83,2,120,0
0,0,0,0,0,0
0,0,0,0,0
0,0,0,0,0,0,0,0
0,0,0,0,0,0,0,0
0,0,127,0,0,0,127,0,0,0,127,0
0
0,0,0,0,0,0,0,0,0,0,0,0,0,0,0,0,0,0,0,0,0,0,0,0
0,0,0,0
0,45,13,63,127,63
0,77,3
0,0,0,0,3,1
0,0
127,0,0,0,83,2,120,0
0,0,0,0,0,0
0,0,0,0,0
0,0,0,0,0,0,0,0
0,0,0,0,0,0,0,0
0,0,127,0,0,0,127,0,0,0,127,0
0
0,0,0,0,0,0,0,0,0,0,0,0,0,0,0,0,0,0,0,0,0,0,0,0
0,0,0,0
0,45,13,63,127,63
0,77,3
0,0,0,0,3,1
0,0
127,0,0,0,83,2,120,0
0,0,0,0,0,0
0,0,0,0,0
0,0,0,0,0,0,0,0
0,0,0,0,0,0,0,0
0,0,127,0,0,0,127,0,0,0,127,0
0
0,0,0,0,0,0,0,0,0,0,0,0,0,0,0,0,0,0,0,0,0,0,0,0
0,0,0,0
0,45,13,63,127,63
0,77,3
0,0,0,0,3,1
0,0
127,0,0,0,83,2,120,0
0,0,0,0,0,0
0,0,0,0,0
0,0,0,0,0,0,0,0
0,0,0,0,0,0,0,0
0,0,127,0,0,0,127,0,0,0,127,0
0
0,0,0,0,0,0,0,0,0,0,0,0,0,0,0,0,0,0,0,0,0,0,0,0
0,0,0,0
0,45,13,63,127,63
0,77,3
0,0,0,0,3,1
0,0
127,0,0,0,83,2,120,0
0,0,0,0,0,0
0,0,0,0,0
0,0,0,0,0,0,0,0
0,0,0,0,0,0,0,0
0,0,127,0,0,0,127,0,0,0,127,0
0
0,0,0,0,0,0,0,0,0,0,0,0,0,0,0,0,0,0,0,0,0,0,0,0
0,0,0,0
0,45,13,63,127,63
0,77,3
0,0,0,0,3,1
0,0
127,0,0,0,83,2,120,0
0,0,0,0,0,0
0,0,0,0,0
0,0,0,0,0,0,0,0
0,0,0,0,0,0,0,0
0,0,127,0,0,0,127,0,0,0,127,0
0
0,0,0,0,0,0,0,0,0,0,0,0,0,0,0,0,0,0,0,0,0,0,0,0
0,0,0,0
0,45,13,63,127,63
0,77,3
0,0,0,0,3,1
0,0
127,0,0,0,83,2,120,0
0,0,0,0,0,0
0,0,0,0,0
0,0,0,0,0,0,0,0
0,0,0,0,0,0,0,0
0,0,127,0,0,0,127,0,0,0,127,0
0
0,0,0,0,0,0,0,0,0,0,0,0,0,0,0,0,0,0,0,0,0,0,0,0
0,0,0,0
0,45,13,63,127,63
0,77,3
0,0,0,0,3,1
0,0
127,0,0,0,83,2,120,0
0,0,0,0,0,0
0,0,0,0,0
0,0,0,0,0,0,0,0
0,0,0,0,0,0,0,0
0,0,127,0,0,0,127,0,0,0,127,0
0
0,0,0,0,0,0,0,0,0,0,0,0,0,0,0,0,0,0,0,0,0,0,0,0
0,0,0,0
0,45,13,63,127,63
0,77,3
0,0,0,0,3,1
0,0
127,0,0,0,83,2,120,0
0,0,0,0,0,0
0,0,0,0,0
0,0,0,0,0,0,0,0
0,0,0,0,0,0,0,0
0,0,127,0,0,0,127,0,0,0,127,0
0
0,0,0,0,0,0,0,0,0,0,0,0,0,0,0,0,0,0,0,0,0,0,0,0
0,0,0,0
0,45,13,63,127,63
0,77,3
0,0,0,0,3,1
0,0
127,0,0,0,83,2,120,0
0,0,0,0,0,0
0,0,0,0,0
0,0,0,0,0,0,0,0
0,0,0,0,0,0,0,0
0,0,127,0,0,0,127,0,0,0,127,0
0
0,0,0,0,0,0,0,0,0,0,0,0,0,0,0,0,0,0,0,0,0,0,0,0
0,0,0,0
0,45,13,63,127,63
0,77,3
0,0,0,0,3,1
0,0
127,0,0,0,83,2,120,0
0,0,0,0,0,0
0,0,0,0,0
0,0,0,0,0,0,0,0
0,0,0,0,0,0,0,0
0,0,127,0,0,0,127,0,0,0,127,0
0
0,0,0,0,0,0,0,0,0,0,0,0,0,0,0,0,0,0,0,0,0,0,0,0
0,0,0,0
0,45,13,63,127,63
0,77,3
0,0,0,0,3,1
0,0
127,0,0,0,83,2,120,0
0,0,0,0,0,0
0,0,0,0,0
0,0,0,0,0,0,0,0
0,0,0,0,0,0,0,0
0,0,127,0,0,0,127,0,0,0,127,0
0
0,0,0,0,0,0,0,0,0,0,0,0,0,0,0,0,0,0,0,0,0,0,0,0
0,0,0,0
0,45,13,63,127,63
0,77,3
0,0,0,0,3,1
0,0
127,0,0,0,83,2,120,0
0,0,0,0,0,0
0,0,0,0,0
0,0,0,0,0,0,0,0
0,0,0,0,0,0,0,0
0,0,127,0,0,0,127,0,0,0,127,0
0
0,0,0,0,0,0,0,0,0,0,0,0,0,0,0,0,0,0,0,0,0,0,0,0
0,0,0,0
0,45,13,63,127,63
0,77,3
0,0,0,0,3,1
0,0
127,0,0,0,83,2,120,0
0,0,0,0,0,0
0,0,0,0,0
0,0,0,0,0,0,0,0
0,0,0,0,0,0,0,0
0,0,127,0,0,0,127,0,0,0,127,0
0
0,0,0,0,0,0,0,0,0,0,0,0,0,0,0,0,0,0,0,0,0,0,0,0
0,0,0,0
0,45,13,63,127,63
0,77,3
0,0,0,0,3,1
0,0
127,0,0,0,83,2,120,0
0,0,0,0,0,0
0,0,0,0,0
0,0,0,0,0,0,0,0
0,0,0,0,0,0,0,0
0,0,127,0,0,0,127,0,0,0,127,0
0
0,0,0,0,0,0,0,0,0,0,0,0,0,0,0,0,0,0,0,0,0,0,0,0
0,0,0,0
0,45,13,63,127,63
0,77,3
0,0,0,0,3,1
0,0
127,0,0,0,83,2,120,0
0,0,0,0,0,0
0,0,0,0,0
0,0,0,0,0,0,0,0
0,0,0,0,0,0,0,0
0,0,127,0,0,0,127,0,0,0,127,0
0
0,0,0,0,0,0,0,0,0,0,0,0,0,0,0,0,0,0,0,0,0,0,0,0
0,0,0,0
0,45,13,63,127,63
0,77,3
0,0,0,0,3,1
0,0
127,0,0,0,83,2,120,0
0,0,0,0,0,0
0,0,0,0,0
0,0,0,0,0,0,0,0
0,0,0,0,0,0,0,0
0,0,127,0,0,0,127,0,0,0,127,0
0
0,0,0,0,0,0,0,0,0,0,0,0,0,0,0,0,0,0,0,0,0,0,0,0
0,0,0,0
0,45,13,63,127,63
0,77,3
0,0,0,0,3,1
0,0
127,0,0,0,83,2,120,0
0,0,0,0,0,0
0,0,0,0,0
0,0,0,0,0,0,0,0
0,0,0,0,0,0,0,0
0,0,127,0,0,0,127,0,0,0,127,0
0
0,0,0,0,0,0,0,0,0,0,0,0,0,0,0,0,0,0,0,0,0,0,0,0
0,0,0,0
0,45,13,63,127,63
0,77,3
0,0,0,0,3,1
0,0
127,0,0,0,83,2,120,0
0,0,0,0,0,0
0,0,0,0,0
0,0,0,0,0,0,0,0
0,0,0,0,0,0,0,0
0,0,127,0,0,0,127,0,0,0,127,0
0
0,0,0,0,0,0,0,0,0,0,0,0,0,0,0,0,0,0,0,0,0,0,0,0
0,0,0,0
0,45,13,63,127,63
0,77,3
0,0,0,0,3,1
0,0
127,0,0,0,83,2,120,0
0,0,0,0,0,0
0,0,0,0,0
0,0,0,0,0,0,0,0
0,0,0,0,0,0,0,0
0,0,127,0,0,0,127,0,0,0,127,0
0
0,0,0,0,0,0,0,0,0,0,0,0,0,0,0,0,0,0,0,0,0,0,0,0
0,0,0,0
0,45,13,63,127,63
0,77,3
0,0,0,0,3,1
0,0
127,0,0,0,83,2,120,0
0,0,0,0,0,0
0,0,0,0,0
0,0,0,0,0,0,0,0
0,0,0,0,0,0,0,0
0,0,127,0,0,0,127,0,0,0,127,0
0
0,0,0,0,0,0,0,0,0,0,0,0,0,0,0,0,0,0,0,0,0,0,0,0
0,0,0,0
0,45,13,63,127,63
0,77,3
0,0,0,0,3,1
0,0
127,0,0,0,83,2,120,0
0,0,0,0,0,0
0,0,0,0,0
0,0,0,0,0,0,0,0
0,0,0,0,0,0,0,0
0,0,127,0,0,0,127,0,0,0,127,0
